7163
8600
4673
25957
84915
7266
83552
23413
54407
51104
10112
9969
11342
23119
2823
7764
9778
154796
51194
114794
605
8553
8871
6662
85025
4437
79905
3223
5290
80143
494470
5927
60492
596
10236
65055
10015
23446
1837
9759
121551
23522
29843
55661
84101
3845
11191
115426
23236
139212
4299
1656
9782
999
8087
79191
54454
3709
3569
26137
11091
1496
79624
389677
23528
9312
55719
2332
7157
64919
28996
84343
3739
157807
64756
9185
9122
3480
22918
390323
554251
93986
64328
23762
255252
2810
54558
4520
11113
7015
9267
64324
23196
84684
8936
10215
7399
9958
627
283464
51011
79618
3716
3636
90410
6299
285172
5525
8715
79037
23114
84144
55660
29956
6310
10769
22887
132864
1121
1654
7272
8204
51626
10521
3096
92312
6045
158586
64778
64718
27236
22865
11096
6722
84858
81573
7320
23067
134353
9223
90874
27044
7091
64101
57403
406991
84245
2872
23271
1795
83699
114883
404785
64222
54845
54507
115352
114815
152503
1356
55279
4084
1394
3257
60481
23345
7182
4149
345557
1741
140685
53335
1911
84263
26524
80155
134548
10138
161742
3998
493860
27436
204
5101
23742
79805
9620
10802
131405
28951
10664
5638
9813
9031
7267
4090
285382
130507
8886
91749
8525
147339
10659
9612
8626
55870
22836
6659
6738
51593
65123
6599
84275
6711
148213
285672
130612
51
3685
23262
403341
26960
80895
23568
91801
81876
546
7837
57673
23195
5727
55330
84002
63035
51701
1816
58508
7789
140460
23129
10915
81704
2039
29980
25833
23185
3037
23250
9653
55334
5885
5458
1499
387707
10189
84146
54413
51125
6510
150763
64321
3746
4082
2918
4929
3226
9134
10057
23435
115024
27020
1955
3670
2530
381
84937
124460
151313
58517
2900
7099
5296
57526
7707
1879
3283
9644
8539
5295
6525
25836
1310
2201
55727
3236
5412
917
7903
80829
286826
169200
9464
55339
2004
1107
23332
9877
3837
4774
55827
84767
124245
79134
3952
595
23429
830
1854
65264
51554
114785
9704
84912
7422
7525
22873
387263
114991
22839
23644
6533
2239
54828
2549
9338
84446
59353
55544
1993
144097
2891
84629
5080
286046
11158
7227
340533
54793
30001
2067
55729
6328
27086
10146
399694
4303
103
4857
56172
23566
285268
55761
1184
6304
51026
2195
1174
6909
1954
84945
54894
7681
57099
1859
7549
4094
143570
5793
23127
1783
158358
7021
9699
3778
55301
5728
151050
8202
26507
9191
54715
491
54439
463
3340
1106
54875
9910
10903
490
80821
51762
219790
6942
114788
22874
84159
2913
4781
9760
55022
10765
83886
84541
387640
55810
6925
143384
8110
143884
286499
2675
7456
53944
152330
993
92154
57092
25829
4117
81285
6840
1729
64132
2651
10123
84958
65977
23060
9444
4248
8506
139221
10617
85403
26130
4208
8463
79959
5899
153222
2926
79983
5324
9294
8317
7343
9844
4763
29994
6520
5594
23284
81928
6002
26528
60560
162605
9465
65110
5861
134553
7871
9480
9496
192670
1803
4325
54880
2263
6146
9202
27161
6464
22929
285527
22837
54853
6885
5972
51429
10098
5076
8602
57178
22871
51575
360023
79958
59343
9167
1452
54882
91748
164
7078
23352
201627
85406
57822
57007
23125
10944
389421
4154
1944
5292
4640
56171
3678
7503
221937
120
57492
8669
8289
259230
79071
6374
222194
5253
574513
149041
1294
23524
5581
338707
91298
7539
7326
715
56061
10746
92
729171
64599
5454
203447
57568
10152
3937
339175
83607
57650
3839
9472
84650
54165
961
29766
150094
23607
23251
9710
26504
10533
387849
64318
6671
2122
147968
23321
23112
3727
414189
4659
26278
9589
22872
