	RNF43_GRCh37_17:56435161-56435161_Frame-Shift-Del_DEL_C-C--	ARID1A_GRCh37_1:27106354-27106354_Nonsense-Mutation_SNP_C-C-T	FGFR2_GRCh37_10:123279677-123279677_Missense-Mutation_SNP_G-G-C	KRAS_GRCh37_12:25398284-25398284_Missense-Mutation_SNP_C-C-A_C-C-T_C-C-G	PTEN_GRCh37_10:89692905-89692905_Missense-Mutation_SNP_G-G-A_G-G-T_G-G-C	PIK3CA_GRCh37_3:178936091-178936091_Missense-Mutation_SNP_G-G-A_G-G-C	PIK3CA_GRCh37_3:178952085-178952085_Missense-Mutation_SNP_A-A-T_A-A-G	POLE_GRCh37_12:133253184-133253184_Missense-Mutation_SNP_G-G-C	PIK3CA_GRCh37_3:178916876-178916876_Missense-Mutation_SNP_G-G-A	RPL22_GRCh37_1:6257785-6257785_Frame-Shift-Del_DEL_T-T--	PPP2R1A_GRCh37_19:52715971-52715971_Missense-Mutation_SNP_C-C-G_C-C-T	PIK3CA_GRCh37_3:178936082-178936082_Missense-Mutation_SNP_G-G-A_G-G-C	PID1_GRCh37_2:229889189-229889189_3'Flank_DEL_A-A--	UBE2A_GRCh37_X:118718332-118718332_3'UTR_DEL_A-A--	PTEN_GRCh37_10:89692904-89692904_Missense-Mutation_SNP_C-C-G	SMAD5_GRCh37_5:135515015-135515015_3'UTR_DEL_A-A--	SHC1_GRCh37_1:154935863-154935863_3'UTR_DEL_G-G--
TCGA-A5-A0G1-01	1	1	0	0	0	0	0	0	0	0	0	0	0	0	0	0	0
TCGA-A5-A0GQ-01	0	0	1	0	0	0	0	0	0	0	0	0	0	0	0	0	0
TCGA-A5-A1OF-01	0	0	0	0	1	0	0	0	0	0	0	0	0	0	0	0	0
TCGA-A5-A1OG-01	0	0	0	0	0	0	0	0	0	0	0	0	0	0	0	0	0
TCGA-A5-A1OH-01	0	0	0	0	0	0	0	0	0	0	0	0	0	0	0	0	0
TCGA-A5-A1OJ-01	0	0	0	0	0	1	0	0	0	0	0	0	0	0	0	0	0
TCGA-A5-A1OK-01	0	0	0	0	0	0	0	0	0	0	0	0	0	0	0	0	0
TCGA-A5-A2K2-01	0	0	0	0	0	0	0	0	0	0	0	0	0	0	0	0	0
TCGA-A5-A2K3-01	0	0	0	0	0	0	0	0	0	0	0	0	0	0	0	0	0
TCGA-A5-A2K4-01	0	0	0	0	0	0	1	0	0	0	0	0	0	0	0	0	0
TCGA-A5-A3LO-01	0	0	0	0	0	0	0	0	0	0	0	0	0	0	0	0	0
TCGA-A5-A3LP-01	0	0	0	0	0	0	0	0	0	0	1	1	0	0	0	0	0
TCGA-AJ-A23M-01	0	0	0	0	0	0	0	0	0	0	0	0	0	0	0	0	0
TCGA-AJ-A23N-01	0	0	0	0	0	0	0	0	0	0	1	0	0	0	0	0	0
TCGA-AJ-A23O-01	0	0	0	0	0	0	0	0	0	0	0	0	0	0	0	0	0
TCGA-AJ-A2QK-01	0	0	0	0	0	0	0	0	0	0	0	0	0	0	0	0	0
TCGA-AJ-A2QM-01	0	0	0	0	0	1	0	0	0	0	0	0	0	0	0	0	0
TCGA-AJ-A2QN-01	0	0	0	0	1	0	1	0	0	0	0	0	0	0	0	0	0
TCGA-AJ-A3BD-01	0	0	0	0	0	0	0	0	0	0	0	0	0	0	0	0	0
TCGA-AJ-A3BF-01	0	0	0	0	0	0	0	0	0	0	0	0	0	0	0	0	0
TCGA-AJ-A3BH-01	0	0	0	0	0	0	0	0	0	0	0	0	1	1	0	0	0
TCGA-AJ-A3BI-01	0	0	0	0	0	0	0	0	0	0	0	0	0	0	0	0	0
TCGA-AJ-A3EJ-01	0	0	0	0	0	0	0	0	0	0	0	0	0	0	0	0	0
TCGA-AJ-A3EL-01	0	0	0	0	0	0	0	0	1	0	0	0	0	0	0	0	0
TCGA-AJ-A3EM-01	0	0	0	0	0	0	0	0	0	0	0	0	0	0	0	0	0
TCGA-AJ-A3I9-01	0	0	0	0	0	0	0	0	0	0	0	0	0	0	0	0	0
TCGA-AJ-A3IA-01	0	0	0	0	0	0	0	0	0	0	0	0	0	0	0	0	0
TCGA-AJ-A3NF-01	0	0	0	0	0	0	0	0	0	0	1	0	0	0	0	0	0
TCGA-AJ-A3NG-01	0	0	0	0	1	0	1	0	0	0	0	0	0	0	1	0	0
TCGA-AJ-A3OJ-01	0	0	0	0	0	0	0	0	0	0	0	0	0	0	0	1	0
TCGA-AJ-A3OK-01	0	0	0	0	1	0	0	0	0	0	0	0	0	1	0	0	0
TCGA-AJ-A3QS-01	0	0	0	0	0	0	0	0	0	0	1	0	0	0	0	0	0
TCGA-AJ-A3TW-01	0	0	0	0	0	0	0	0	0	0	0	0	0	0	0	0	0
TCGA-AJ-A5DW-01	0	0	0	0	1	0	0	1	0	0	0	0	0	0	0	0	0
TCGA-AP-A059-01	0	0	0	0	0	0	0	0	0	0	0	0	0	0	0	0	0
TCGA-AP-A0LF-01	0	0	0	0	0	0	0	0	0	0	1	0	0	0	0	0	0
TCGA-AP-A0LM-01	0	0	0	0	0	0	0	0	0	0	0	0	0	0	0	0	0
TCGA-AP-A1DH-01	0	0	0	1	0	1	0	0	0	1	0	0	1	1	0	1	0
TCGA-AP-A1DK-01	0	0	0	0	0	0	0	0	1	0	0	0	0	0	0	1	0
TCGA-AP-A1DQ-01	0	0	0	0	0	0	0	0	0	0	1	0	0	0	0	0	0
TCGA-AP-A1E3-01	0	0	0	1	0	0	0	0	0	0	0	0	0	0	0	0	0
TCGA-AP-A1E4-01	0	0	0	0	0	0	0	0	0	0	0	0	0	0	0	0	0
TCGA-AP-A5FX-01	0	0	0	0	0	0	0	0	0	0	0	0	0	0	0	0	0
TCGA-AW-A1PO-01	0	0	0	0	0	0	0	0	0	0	0	0	0	0	0	0	0
TCGA-AX-A06L-01	0	0	0	0	0	0	0	0	0	0	0	0	0	0	0	0	0
TCGA-AX-A0J0-01	0	0	0	0	1	0	0	1	0	0	0	0	0	0	0	0	0
TCGA-AX-A1C5-01	0	0	0	0	0	0	0	0	0	0	0	0	0	1	0	0	0
TCGA-AX-A1C7-01	0	0	0	0	0	0	0	0	0	0	0	0	0	0	0	0	0
TCGA-AX-A1C8-01	0	0	0	0	0	0	0	0	0	0	1	0	0	0	0	0	0
TCGA-AX-A1C9-01	0	0	0	0	0	0	0	0	0	1	0	0	0	0	0	0	0
TCGA-AX-A1CA-01	0	0	0	0	0	0	0	0	0	0	0	0	0	0	0	0	0
TCGA-AX-A1CC-01	0	0	0	0	0	0	0	0	0	0	0	0	0	0	0	0	0
TCGA-AX-A1CF-01	0	0	0	0	0	0	0	0	0	0	0	0	0	0	0	0	0
TCGA-AX-A1CI-01	0	0	0	0	0	0	0	0	0	0	0	0	0	0	0	0	0
TCGA-AX-A1CJ-01	0	0	0	0	0	0	0	0	0	0	0	0	0	0	0	0	0
TCGA-AX-A1CN-01	0	0	0	0	0	0	1	0	0	0	0	0	0	0	0	0	0
TCGA-AX-A2H2-01	0	0	0	0	0	0	0	0	0	0	0	0	0	0	0	0	0
TCGA-AX-A2H4-01	0	0	0	0	0	0	0	0	0	0	0	0	0	0	0	0	0
TCGA-AX-A2H5-01	0	0	0	0	0	0	0	0	0	0	0	0	0	0	0	0	0
TCGA-AX-A2H7-01	0	0	0	0	0	0	1	0	0	0	0	0	0	0	0	0	0
TCGA-AX-A2HD-01	1	0	0	0	0	0	0	0	0	1	0	0	0	0	0	0	0
TCGA-AX-A2HG-01	1	0	0	0	0	0	0	0	0	0	0	1	1	0	0	1	0
TCGA-AX-A2HH-01	0	0	0	0	0	0	1	0	0	0	0	0	0	0	0	0	0
TCGA-AX-A2HJ-01	1	0	0	0	0	0	0	0	0	1	0	0	1	0	0	0	1
TCGA-AX-A2HK-01	0	0	0	0	0	0	0	0	0	0	1	0	0	0	0	0	0
TCGA-AX-A2IN-01	1	0	0	0	0	0	0	0	0	1	0	0	0	1	0	0	1
TCGA-AX-A2IO-01	0	0	0	0	0	0	0	0	0	0	0	1	0	0	0	0	0
TCGA-AX-A3FT-01	1	0	0	0	0	0	0	0	0	1	0	0	1	0	0	0	0
TCGA-AX-A3FV-01	0	0	0	0	0	0	0	0	0	0	0	0	0	0	0	0	0
TCGA-AX-A3FW-01	0	0	0	0	0	0	0	0	0	0	0	0	0	0	0	0	0
TCGA-AX-A3FX-01	0	0	0	0	0	0	0	0	0	0	0	0	0	0	0	0	0
TCGA-AX-A3FZ-01	0	0	0	0	0	0	0	0	0	0	0	0	0	0	1	0	0
TCGA-AX-A3G1-01	0	0	0	0	0	0	0	0	0	0	1	0	0	0	0	0	0
TCGA-AX-A3G4-01	0	0	0	0	0	0	0	0	0	0	0	0	0	0	0	0	0
TCGA-AX-A3G6-01	0	0	0	0	0	0	0	0	0	0	0	0	0	0	0	0	0
TCGA-AX-A3G7-01	0	0	0	0	0	0	0	0	0	0	0	0	0	0	0	0	0
TCGA-AX-A3GI-01	0	0	0	0	0	0	0	0	0	0	1	0	0	0	0	0	0
TCGA-B5-A0JT-01	0	0	1	0	0	0	1	0	0	0	0	0	0	0	0	0	0
TCGA-B5-A0K8-01	0	0	0	0	0	0	0	0	0	0	1	0	0	0	0	0	0
TCGA-B5-A11H-01	0	0	0	0	0	0	0	0	0	1	0	0	0	0	0	0	0
TCGA-B5-A11I-01	0	0	0	0	0	0	0	0	0	0	0	0	0	0	0	0	0
TCGA-B5-A11L-01	0	0	0	1	0	0	0	0	0	0	0	0	0	0	0	0	0
TCGA-B5-A11M-01	0	0	0	1	0	0	0	0	0	0	0	0	0	0	0	0	0
TCGA-B5-A11N-01	0	0	0	0	0	0	0	1	0	0	0	0	0	0	0	0	0
TCGA-B5-A11O-01	0	0	0	0	1	0	0	0	0	0	0	0	0	0	0	0	0
TCGA-B5-A11S-01	0	0	0	0	0	0	0	0	0	0	0	0	0	0	0	0	0
TCGA-B5-A11U-01	0	0	0	0	0	0	0	0	0	1	0	0	0	0	0	0	0
TCGA-B5-A11V-01	0	0	0	0	1	0	0	0	0	0	0	0	0	0	0	0	0
TCGA-B5-A11X-01	0	0	0	0	0	0	0	0	0	0	0	0	0	0	0	0	0
TCGA-B5-A11Y-01	1	0	0	0	0	0	0	0	0	0	0	0	0	0	0	0	0
TCGA-B5-A121-01	0	0	1	0	0	0	0	0	0	0	0	0	0	0	0	0	0
TCGA-B5-A1MR-01	0	1	0	0	0	0	0	0	0	0	0	0	0	0	0	0	0
TCGA-B5-A1MS-01	0	0	0	0	0	0	0	0	0	0	0	0	0	0	0	0	0
TCGA-B5-A1MU-01	0	0	0	0	0	0	0	0	0	0	0	0	0	0	0	0	0
TCGA-B5-A1MV-01	0	0	0	0	0	0	0	0	0	0	0	0	0	0	0	0	0
TCGA-B5-A1MY-01	0	0	0	0	0	0	0	0	0	0	0	0	0	0	0	0	0
TCGA-B5-A1MZ-01	0	0	1	0	0	0	0	0	0	0	0	1	0	0	0	0	0
TCGA-B5-A1N2-01	0	0	0	0	0	1	0	0	0	0	0	0	0	0	0	0	0
TCGA-B5-A3F9-01	0	0	0	1	0	0	0	0	0	0	0	0	0	0	0	0	0
TCGA-B5-A3FA-01	0	0	0	0	1	0	0	0	1	0	0	0	0	0	0	0	0
TCGA-B5-A3FB-01	0	0	0	0	0	0	0	0	1	0	0	0	0	0	0	0	0
TCGA-B5-A3FC-01	0	0	0	0	0	0	0	0	0	0	0	0	0	0	0	0	0
TCGA-B5-A3FD-01	0	0	0	0	0	0	0	0	0	0	0	0	0	0	0	0	0
TCGA-B5-A3FH-01	0	0	0	0	0	0	0	0	0	0	0	0	0	0	0	0	0
TCGA-B5-A3S1-01	0	0	0	0	0	0	0	0	0	0	0	1	0	0	0	0	0
TCGA-B5-A5OC-01	0	0	0	1	0	0	0	0	0	0	0	0	0	1	0	0	0
TCGA-B5-A5OD-01	0	0	0	0	0	0	0	0	0	0	0	0	0	0	0	0	0
TCGA-B5-A5OE-01	0	0	0	0	0	0	0	0	0	0	0	0	0	0	0	0	0
TCGA-BG-A0MA-01	0	0	0	0	0	0	0	0	0	0	0	0	0	0	0	0	0
TCGA-BG-A0VT-01	0	0	0	0	0	0	0	0	0	0	0	0	0	0	0	0	0
TCGA-BG-A0VV-01	0	0	1	0	0	0	0	0	0	0	0	0	0	0	0	0	0
TCGA-BG-A0VX-01	0	0	0	0	0	0	0	0	1	0	0	0	0	0	0	0	0
TCGA-BG-A0W2-01	0	0	0	0	0	1	0	0	0	0	0	0	0	0	1	0	0
TCGA-BG-A0YU-01	0	0	0	0	0	0	0	0	0	0	0	0	0	0	0	0	0
TCGA-BG-A0YV-01	0	0	0	0	0	0	0	0	0	0	0	0	0	0	0	0	0
TCGA-BG-A186-01	0	0	0	0	0	0	0	0	0	0	0	0	0	0	0	0	0
TCGA-BG-A18A-01	0	0	0	0	0	0	1	0	0	0	0	0	0	0	0	0	0
TCGA-BG-A18C-01	0	0	0	0	0	0	0	0	0	0	0	0	0	0	0	0	0
TCGA-BG-A2AE-01	0	0	0	1	0	0	0	0	0	0	0	0	0	0	0	0	0
TCGA-BG-A3PP-01	0	0	0	0	0	0	0	0	0	0	0	0	0	0	0	0	0
TCGA-BK-A0CA-01	0	0	0	0	1	0	1	0	0	0	0	0	0	0	0	0	0
TCGA-BK-A0CC-01	0	0	0	0	0	0	0	0	0	0	0	0	0	0	0	0	0
TCGA-BK-A139-01	0	0	0	0	1	0	0	0	0	0	0	0	0	0	0	0	0
TCGA-BK-A26L-01	0	0	0	0	0	0	0	0	0	0	1	0	0	0	0	0	0
TCGA-BK-A4ZD-01	0	0	0	0	0	0	0	0	0	0	0	0	0	0	0	0	0
TCGA-BK-A56F-01	0	0	0	0	0	0	1	0	0	0	0	0	0	0	0	0	0
TCGA-BS-A0T9-01	0	0	0	0	0	0	0	0	0	0	0	0	0	0	0	0	0
TCGA-BS-A0U5-01	0	0	0	0	0	0	0	0	0	0	0	0	0	0	0	0	0
TCGA-BS-A0U9-01	0	0	0	0	0	0	0	0	0	0	0	0	0	0	0	0	0
TCGA-BS-A0UA-01	0	0	0	0	0	0	0	0	0	0	0	0	0	0	0	0	0
TCGA-BS-A0UL-01	0	0	0	1	0	0	1	0	0	0	0	0	0	0	0	0	0
TCGA-BS-A0V7-01	0	0	0	1	0	0	1	0	0	0	0	0	0	0	0	0	0
TCGA-BS-A0V8-01	0	0	0	0	0	0	0	0	0	0	0	0	0	0	0	0	0
TCGA-BS-A0WQ-01	0	0	0	0	0	0	0	0	0	0	0	0	0	0	0	0	0
TCGA-D1-A0ZP-01	0	0	0	0	0	0	0	0	0	0	0	1	0	0	0	0	0
TCGA-D1-A0ZR-01	0	0	0	0	0	0	0	0	0	0	0	0	0	0	1	0	0
TCGA-D1-A0ZU-01	0	1	0	0	0	0	0	0	0	0	0	1	0	0	0	0	0
TCGA-D1-A0ZV-01	0	0	0	0	0	0	1	0	0	0	0	0	0	0	0	0	0
TCGA-D1-A0ZZ-01	0	0	0	0	0	0	0	0	0	0	0	0	0	0	0	0	0
TCGA-D1-A101-01	1	0	0	1	0	0	0	0	0	0	0	0	0	0	0	0	0
TCGA-D1-A102-01	0	0	0	0	0	0	0	0	0	0	0	0	0	0	0	0	0
TCGA-D1-A103-01	0	0	0	0	0	0	0	0	0	0	0	0	0	0	0	0	0
TCGA-D1-A15V-01	0	0	0	0	0	0	0	0	0	0	0	0	0	0	0	0	0
TCGA-D1-A15W-01	0	0	0	1	1	0	0	0	0	0	0	0	0	0	1	0	0
TCGA-D1-A15X-01	0	0	0	0	0	0	0	0	0	0	0	0	0	0	0	0	0
TCGA-D1-A15Z-01	0	0	1	0	0	0	0	0	0	0	0	0	0	0	0	0	0
TCGA-D1-A161-01	0	0	0	0	0	0	0	0	0	0	0	0	0	0	0	0	0
TCGA-D1-A165-01	0	0	0	0	0	0	0	0	0	0	0	0	0	0	0	0	0
TCGA-D1-A168-01	0	0	0	0	0	1	0	0	0	0	0	0	0	0	0	0	0
TCGA-D1-A169-01	0	0	0	0	1	0	0	0	0	0	0	0	0	0	0	0	0
TCGA-D1-A16B-01	0	0	0	0	0	0	1	0	0	0	0	0	0	0	0	0	0
TCGA-D1-A16D-01	0	0	0	1	0	0	1	0	0	0	0	0	0	0	0	0	0
TCGA-D1-A16E-01	0	0	0	0	0	0	0	0	0	0	0	0	0	0	0	0	0
TCGA-D1-A16F-01	0	0	0	1	0	0	0	0	1	0	0	0	0	0	0	0	0
TCGA-D1-A16G-01	0	0	0	0	0	0	0	0	0	0	0	0	0	0	0	0	0
TCGA-D1-A16I-01	0	0	0	0	0	0	0	0	0	0	0	0	0	0	0	0	0
TCGA-D1-A16N-01	0	0	0	0	0	0	0	0	0	0	0	0	0	0	0	0	0
TCGA-D1-A16O-01	0	0	0	0	0	1	0	0	0	0	0	0	0	0	0	0	0
TCGA-D1-A16Q-01	0	0	0	0	0	0	0	0	0	0	0	0	0	0	1	0	0
TCGA-D1-A16R-01	0	0	1	0	0	0	0	0	1	0	0	0	0	0	0	0	0
TCGA-D1-A16S-01	0	0	0	0	0	0	0	0	0	0	0	0	0	0	0	0	0
TCGA-D1-A16X-01	0	1	0	0	1	0	0	1	0	0	0	0	0	0	0	0	0
TCGA-D1-A16Y-01	0	0	0	0	1	0	0	0	1	0	0	0	0	0	0	0	0
TCGA-D1-A17B-01	0	0	0	0	0	0	0	0	0	0	0	0	0	0	0	0	0
TCGA-D1-A17C-01	0	0	0	0	0	0	0	0	0	0	0	0	0	0	1	0	0
TCGA-D1-A17F-01	0	0	0	0	0	0	0	0	0	0	0	0	0	0	0	0	0
TCGA-D1-A17H-01	1	0	0	1	0	0	0	0	0	0	0	0	0	0	0	0	0
TCGA-D1-A17K-01	0	0	0	0	0	0	0	0	0	0	0	1	0	0	0	0	0
TCGA-D1-A17L-01	0	1	0	0	0	0	0	0	0	0	0	0	0	0	1	0	0
TCGA-D1-A17N-01	0	0	0	0	0	0	0	0	0	0	0	0	0	0	0	0	0
TCGA-D1-A17Q-01	0	1	0	0	0	0	0	1	0	0	0	0	0	0	0	0	0
TCGA-D1-A17S-01	0	0	0	0	0	0	1	0	0	0	0	0	0	0	0	0	0
TCGA-D1-A1NS-01	0	0	0	1	0	0	0	0	0	0	0	0	0	1	0	0	0
TCGA-D1-A1NU-01	0	0	0	0	0	0	0	0	0	0	0	0	0	0	0	0	0
TCGA-D1-A1NW-01	0	0	0	0	0	0	0	0	0	0	1	0	0	0	0	0	0
TCGA-D1-A1NX-01	0	0	0	0	0	0	1	0	0	0	0	0	0	0	0	0	0
TCGA-D1-A1O0-01	0	0	0	0	0	0	0	0	0	0	0	0	0	0	0	0	0
TCGA-D1-A1O5-01	0	0	0	0	0	0	0	0	0	0	0	0	0	0	0	0	0
TCGA-D1-A1O8-01	0	0	0	0	0	0	0	0	0	0	0	0	0	0	0	0	0
TCGA-D1-A2G7-01	0	0	0	0	0	0	0	0	0	0	0	0	0	0	0	0	0
TCGA-D1-A3DA-01	0	0	0	1	0	0	0	0	0	0	0	0	0	0	0	0	0
TCGA-D1-A3DG-01	0	0	0	0	0	0	0	0	0	0	0	0	0	0	0	0	0
TCGA-D1-A3DH-01	0	0	0	0	0	0	0	0	0	0	0	1	0	0	0	0	0
TCGA-D1-A3JQ-01	0	0	0	0	0	0	0	0	0	0	1	0	0	0	0	0	0
TCGA-DF-A2KR-01	0	0	0	1	0	0	0	0	0	0	1	0	0	0	0	0	0
TCGA-DF-A2KS-01	0	0	0	0	0	0	0	0	0	0	0	0	0	0	0	0	0
TCGA-DF-A2KU-01	0	0	0	0	1	0	0	0	1	0	0	0	0	0	0	0	0
TCGA-DF-A2KV-01	0	1	0	0	0	0	0	0	0	0	0	0	0	0	0	0	0
TCGA-DF-A2L0-01	0	0	1	0	0	0	0	0	0	0	0	0	0	0	0	0	0
TCGA-DI-A0WH-01	0	0	1	0	0	0	0	0	0	0	0	0	0	0	0	0	0
TCGA-DI-A1BU-01	0	0	0	0	0	0	0	0	0	0	0	0	0	0	0	0	1
TCGA-DI-A1BY-01	0	0	0	0	0	0	1	0	0	0	0	0	0	0	0	0	0
TCGA-DI-A1C3-01	0	0	0	0	0	0	0	0	0	0	0	0	0	0	1	0	0
TCGA-DI-A1NN-01	0	0	0	0	0	0	0	0	0	0	0	0	0	0	0	0	0
TCGA-DI-A1NO-01	0	0	0	0	0	0	0	0	0	0	0	0	0	0	0	0	0
TCGA-DI-A2QT-01	0	0	0	0	0	0	0	0	0	0	0	0	0	0	0	0	0
TCGA-DI-A2QU-01	0	0	0	0	0	0	0	0	0	0	0	0	0	0	0	0	0
TCGA-DI-A2QY-01	0	0	0	0	0	0	0	0	0	0	0	0	0	0	0	0	0
TCGA-E6-A1LX-01	0	0	0	0	1	0	0	1	1	0	0	0	0	0	0	0	0
TCGA-E6-A1LZ-01	0	0	0	0	0	1	0	0	0	0	0	0	0	0	0	0	0
TCGA-E6-A1M0-01	0	1	0	0	0	0	0	0	0	0	0	0	0	0	0	0	0
TCGA-E6-A2P8-01	1	0	0	0	0	0	0	0	1	0	0	0	1	0	0	0	1
TCGA-EC-A1QX-01	0	0	0	0	0	0	0	0	0	0	0	0	1	0	0	1	0
TCGA-EC-A24G-01	1	0	0	0	0	0	0	0	0	1	0	0	1	0	0	0	1
TCGA-EO-A1Y5-01	0	0	0	0	0	0	0	0	0	0	0	0	0	0	0	0	0
TCGA-EO-A1Y7-01	0	0	0	0	0	0	0	0	0	0	0	0	0	0	0	0	0
TCGA-EO-A1Y8-01	0	0	0	0	0	1	0	0	0	0	1	0	0	0	0	0	0
TCGA-EO-A22T-01	0	0	0	0	0	0	0	0	0	0	0	0	0	1	0	1	1
TCGA-EO-A22X-01	0	1	0	0	1	0	0	1	1	0	0	0	0	0	0	0	0
TCGA-EO-A2CG-01	0	0	0	0	0	0	0	0	0	0	0	0	0	0	0	0	0
TCGA-EO-A2CH-01	0	0	0	0	0	0	0	0	0	0	1	0	0	0	0	0	0
TCGA-EO-A3AS-01	0	0	0	0	0	0	0	0	0	0	0	0	0	0	0	0	0
TCGA-EO-A3AV-01	0	1	0	0	0	0	0	1	0	0	0	0	0	0	0	0	0
TCGA-EO-A3AY-01	0	1	0	0	0	0	0	1	0	0	0	0	0	0	0	0	0
TCGA-EO-A3AZ-01	0	0	0	0	0	1	0	0	0	0	0	0	1	1	0	1	0
TCGA-EO-A3B0-01	0	1	0	0	1	0	0	1	0	0	0	0	0	0	0	0	0
TCGA-EO-A3B1-01	0	0	0	0	0	0	0	0	0	0	1	0	0	0	0	0	0
TCGA-EO-A3KU-01	0	0	0	0	0	0	0	0	0	0	0	0	0	0	0	0	0
TCGA-EO-A3KW-01	0	0	0	0	0	0	0	0	0	0	0	0	0	0	0	0	0
TCGA-EO-A3L0-01	0	0	0	0	0	0	0	0	0	0	0	0	0	0	1	0	0
TCGA-EY-A1GC-01	0	0	0	0	0	0	0	0	0	0	1	0	0	0	0	0	0
TCGA-EY-A1GD-01	0	0	0	1	0	0	0	0	0	0	0	0	0	0	0	0	0
TCGA-EY-A1GE-01	0	0	0	0	0	0	0	0	0	0	0	0	0	0	1	0	0
TCGA-EY-A1GI-01	0	1	0	0	0	0	0	1	0	0	0	0	0	0	0	0	0
TCGA-EY-A1GJ-01	0	0	0	0	0	0	0	0	0	0	0	0	0	0	0	0	0
TCGA-EY-A1GM-01	0	0	0	0	0	0	0	0	0	0	0	0	0	0	0	0	0
TCGA-EY-A1GO-01	0	0	0	1	0	0	0	0	0	0	0	0	0	0	0	1	1
TCGA-EY-A1GP-01	0	0	0	0	0	0	1	0	0	0	0	0	0	0	0	0	0
TCGA-EY-A1GR-01	0	0	0	0	0	0	0	0	0	0	0	0	0	0	0	0	0
TCGA-EY-A1GS-01	0	0	0	0	0	0	0	0	0	0	0	0	0	0	0	0	0
TCGA-EY-A1GV-01	0	0	0	0	0	0	0	0	0	0	0	0	0	0	0	0	0
TCGA-EY-A1GW-01	0	0	1	0	0	0	0	0	0	0	0	0	0	0	0	0	0
TCGA-EY-A210-01	0	0	0	0	0	0	0	0	0	0	0	0	0	0	0	0	0
TCGA-EY-A212-01	0	0	0	0	0	0	0	0	0	0	1	0	0	0	0	0	0
TCGA-EY-A214-01	0	0	0	1	0	0	0	0	0	0	0	0	0	0	0	0	0
TCGA-EY-A2OM-01	0	0	0	0	0	0	0	0	1	1	0	0	1	0	1	0	1
TCGA-EY-A2ON-01	0	0	0	0	0	0	0	0	0	0	0	0	0	0	0	0	0
TCGA-EY-A2OQ-01	0	0	0	0	0	0	0	0	0	0	0	0	0	0	0	0	0
TCGA-EY-A3L3-01	0	0	0	0	0	0	0	0	0	0	0	0	0	0	0	0	0
TCGA-EY-A3QX-01	0	0	0	0	0	0	0	0	0	0	0	0	0	0	0	0	0
TCGA-EY-A4KR-01	0	0	0	0	0	0	0	0	0	0	0	0	0	0	0	0	0
TCGA-EY-A547-01	0	0	0	0	0	0	1	0	0	0	0	0	0	0	0	0	0
TCGA-EY-A548-01	1	0	0	1	0	0	0	0	0	0	0	0	0	1	0	0	0
TCGA-EY-A549-01	1	0	0	0	0	0	0	0	1	0	0	0	0	0	0	1	0
TCGA-EY-A54A-01	0	0	0	0	0	0	0	0	0	0	0	0	0	0	0	0	0
TCGA-FI-A2CX-01	0	0	0	0	0	0	0	0	0	0	0	0	0	0	0	0	0
TCGA-FI-A2CY-01	0	0	0	0	0	0	0	0	0	0	0	0	0	0	0	0	0
TCGA-FI-A2D0-01	0	0	0	0	0	0	0	0	0	0	0	0	0	0	0	0	0
TCGA-FI-A2D2-01	0	0	0	0	0	0	1	0	0	0	1	0	0	0	0	0	0
TCGA-FI-A2D5-01	0	1	0	0	0	0	0	0	1	0	0	0	0	0	0	0	0
TCGA-FI-A2EU-01	0	0	0	0	0	0	0	0	0	0	0	0	0	0	0	0	0
TCGA-FI-A2EW-01	0	0	0	0	0	0	0	0	0	0	0	0	0	0	0	0	0
TCGA-FI-A2EX-01	0	0	0	0	0	0	0	0	0	0	0	0	0	0	0	0	0
TCGA-FI-A2EY-01	0	0	0	0	0	0	0	0	0	0	1	0	0	0	0	0	0
TCGA-FI-A2F8-01	0	0	0	0	0	0	0	0	0	0	0	0	0	0	0	0	0
TCGA-FI-A2F9-01	0	0	0	0	0	0	0	0	0	0	0	0	0	0	0	0	0
TCGA-FI-A3PV-01	0	0	0	0	0	0	0	0	0	0	0	0	0	0	0	0	0
TCGA-FI-A3PX-01	0	0	0	0	0	0	0	0	0	0	0	0	0	0	0	0	0
TCGA-H5-A2HR-01	0	0	0	0	0	0	0	0	0	0	0	0	0	0	0	0	0
TCGA-K6-A3WQ-01	0	0	0	0	0	0	1	0	0	0	1	0	0	0	0	0	0
TCGA-KP-A3VZ-01	0	0	0	0	0	0	0	0	0	0	0	0	0	0	0	0	0
TCGA-KP-A3W0-01	0	0	0	0	0	0	0	0	0	0	0	0	0	0	0	0	0
TCGA-KP-A3W1-01	0	0	0	0	0	0	0	0	0	0	0	0	0	0	0	0	0
TCGA-KP-A3W3-01	0	0	0	0	0	0	0	0	0	0	1	0	0	0	0	0	0
TCGA-KP-A3W4-01	0	0	0	0	0	0	0	0	0	0	0	0	0	0	0	0	0
TCGA-PG-A5BC-01	0	0	0	0	0	0	0	0	0	0	0	0	0	0	0	0	0
TCGA-QF-A5YS-01	0	0	0	0	1	0	0	1	1	0	0	0	0	0	0	0	0
TCGA-QS-A5YQ-01	0	0	0	0	0	0	0	1	0	0	0	1	0	0	0	0	0
TCGA-QS-A5YR-01	0	0	0	0	0	0	0	0	0	0	0	0	0	0	0	0	0
TCGA-SL-A6J9-01	0	0	0	0	0	0	0	0	0	0	0	0	0	0	0	0	0
TCGA-SL-A6JA-01	0	0	0	1	0	0	0	0	0	0	0	0	0	0	0	0	1
